1 9 28
2 9 28
3 9 28
4 9 28
5 9 28
6 9 28
7 9 28
8 9 28
9 9 28
10 9 28
11 9 28
12 9 28
13 9 28
14 9 28
15 9 28
16 9 28
17 9 28
18 9 28
19 9 28
20 9 28
21 9 28
22 9 28
23 9 28
24 9 28
25 9 28
26 9 28
27 9 28
28 9 28
29 9 28
30 9 28
31 9 28
1 9 28
32 9 28
33 9 28
34 9 28
35 9 28
36 9 28
37 9 28
38 9 28
39 9 28
40 9 28
41 9 28
42 9 28
43 9 28
44 9 28
45 9 28
46 28 9
47 9 28
48 9 28
49 9 28
50 9 28
51 9 28
52 9 28
53 9 28
54 9 28
55 9 28
32 9 28
56 9 28
57 9 28
58 9 28
59 9 28
60 9 28
61 9 28
62 9 28
63 9 28
64 9 28
65 9 28
66 9 28
67 9 28
63 9 28
68 9 28
69 9 28
70 9 28
71 9 28
72 9 28
73 9 28
74 9 28
75 9 28
76 9 28
77 9 28
63 9 28
78 9 28
79 9 28
80 9 28
81 9 28
82 9 28
83 9 28
84 9 28
85 9 28
86 9 28
87 9 28
8 9 28
88 9 28
89 9 28
90 9 28
73 9 28
91 9 28
21 9 28
92 9 28
93 9 28
94 9 28
12 9 28
13 9 28
95 9 28
96 9 28
97 9 28
98 9 28
99 9 28
100 9 28
86 9 28
73 9 28
42 9 28
101 9 28
102 9 28
103 9 28
86 9 28
104 9 28
105 9 28
42 9 28
106 9 28
107 9 28
108 9 28
109 9 28
110 9 28
111 9 28
112 9 28
73 9 28
113 9 28
114 9 28
115 9 28
116 9 28
117 9 28
118 9 28
86 9 28
79 9 28
119 9 28
120 9 28
121 9 28
122 9 28
44 9 28
123 9 28
124 9 28
88 9 28
125 9 28
126 9 28
127 9 28
7 9 28
128 9 28
129 9 28
130 9 28
131 9 28
132 9 28
133 9 28
134 9 28
135 9 28
110 9 28
6 7 29
1 7 29
23 7 29
136 7 29
5 7 29
137 7 29
25 7 29
8 7 29
55 7 29
2 7 29
138 7 29
139 7 29
11 29 7
140 7 29
12 7 29
73 7 29
14 7 29
40 7 29
20 7 29
21 7 29
59 7 29
141 7 29
1 7 29
24 7 29
16 7 29
27 7 29
29 7 29
60 7 29
142 7 29
35 7 29
32 7 29
69 7 29
31 7 29
86 7 29
37 7 29
19 7 29
15 7 29
46 7 29
53 7 29
64 7 29
56 7 29
143 7 29
26 7 29
68 7 29
63 7 29
65 7 29
13 7 29
45 7 29
47 7 29
144 7 29
16 7 29
48 7 29
49 7 29
145 7 29
71 7 29
36 7 29
72 7 29
119 7 29
88 7 29
22 7 29
79 7 29
90 7 29
146 7 29
35 7 29
44 7 29
94 7 29
58 7 29
34 7 29
147 7 29
129 7 29
67 7 29
50 7 29
17 7 29
46 7 29
42 7 29
148 7 29
149 7 29
25 7 29
33 7 29
150 7 29
106 7 29
122 7 29
151 7 29
91 7 29
2 7 29
61 7 29
105 7 29
46 7 29
77 7 29
78 7 29
80 7 29
52 7 29
7 7 29
37 7 29
152 7 29
9 7 29
153 7 29
87 7 29
22 7 29
154 7 29
89 7 29
25 7 29
69 7 29
21 7 29
41 7 29
155 7 29
94 7 29
156 7 29
37 7 29
98 7 29
74 7 29
68 7 29
157 7 29
116 7 29
113 7 29
158 7 29
110 7 29
36 7 29
103 7 29
86 7 29
12 7 29
159 7 29
120 7 29
7 7 29
38 7 29
42 7 29
133 7 29
70 7 29
108 7 29
130 7 29
66 7 29
112 7 29
134 7 29
160 7 29
161 7 29
114 7 29
117 7 29
162 7 29
163 7 29
15 7 29
96 7 29
164 7 29
84 7 29
124 7 29
82 7 29
43 7 29
125 7 29
127 7 29
104 7 29
110 7 29
165 7 29
4 7 29
166 7 29
167 7 29
168 7 29
131 7 29
132 7 29
169 7 29
170 7 29
75 7 29
37 32 31
105 31 32
7 31 32
49 31 32
34 31 32
86 19 12
21 19 12
42 12 19
119 12 19
62 12 19
6 29 39
1 29 39
2 29 39
21 29 39
3 29 39
5 29 39
7 29 39
39 29 39
8 29 39
9 29 39
16 29 39
10 29 39
138 29 39
140 29 39
12 29 39
73 29 39
17 29 39
40 29 39
171 29 39
36 29 39
22 29 39
24 29 39
30 29 39
31 29 39
142 29 39
4 29 39
76 29 39
69 29 39
38 29 39
53 29 39
41 29 39
64 29 39
56 29 39
55 29 39
137 29 39
35 29 39
59 29 39
44 29 39
45 29 39
20 29 39
25 29 39
67 29 39
2 29 39
50 29 39
52 29 39
32 29 39
35 29 39
72 29 39
148 29 39
26 29 39
143 29 39
46 29 39
42 29 39
54 29 39
88 29 39
79 29 39
29 29 39
94 29 39
63 29 39
60 29 39
147 29 39
62 29 39
37 29 39
110 29 39
129 29 39
16 29 39
71 29 39
68 29 39
101 29 39
149 29 39
116 29 39
66 29 39
132 29 39
122 29 39
16 29 39
8 29 39
13 29 39
172 29 39
112 29 39
74 29 39
43 29 39
90 29 39
173 29 39
96 29 39
78 29 39
40 29 39
23 29 39
81 29 39
82 29 39
174 29 39
33 29 39
152 29 39
87 29 39
36 29 39
22 39 29
60 29 39
8 29 39
162 29 39
89 29 39
91 39 29
119 29 39
86 29 39
175 29 39
70 29 39
93 29 39
156 29 39
61 29 39
105 29 39
9 29 39
58 29 39
176 29 39
167 29 39
134 29 39
65 29 39
22 29 39
157 29 39
8 29 39
94 39 29
85 29 39
69 29 39
102 29 39
94 29 39
15 29 39
12 29 39
153 29 39
105 29 39
8 29 39
168 29 39
94 29 39
19 29 39
77 29 39
109 29 39
130 29 39
115 29 39
57 29 39
83 29 39
177 29 39
95 29 39
99 29 39
98 29 39
117 29 39
118 29 39
49 29 39
178 29 39
77 29 39
34 29 39
179 29 39
164 29 39
72 29 39
80 29 39
84 29 39
180 29 39
61 29 39
181 29 39
41 29 39
75 29 39
107 29 39
125 29 39
182 29 39
127 29 39
165 29 39
108 29 39
183 29 39
131 29 39
56 29 39
135 29 39
184 29 39
160 29 39
141 13 38
21 13 38
23 13 38
86 13 38
136 13 38
4 13 38
82 13 38
1 13 38
137 13 38
25 13 38
7 13 38
185 13 38
39 13 38
16 13 38
10 13 38
6 13 38
55 13 38
138 13 38
186 13 38
139 13 38
35 13 38
11 13 38
140 13 38
12 13 38
13 13 38
17 13 38
15 13 38
19 13 38
36 13 38
60 13 38
30 13 38
31 13 38
69 13 38
26 13 38
5 13 38
9 13 38
71 13 38
46 13 38
53 13 38
41 13 38
143 13 38
68 13 38
58 13 38
63 13 38
14 13 38
2 13 38
43 13 38
59 13 38
50 13 38
8 13 38
144 13 38
48 13 38
22 13 38
52 13 38
73 13 38
148 13 38
20 13 38
42 13 38
76 13 38
37 13 38
88 13 38
90 13 38
67 13 38
32 13 38
57 13 38
61 13 38
105 13 38
26 13 38
2 13 38
101 13 38
63 13 38
40 13 38
94 13 38
38 13 38
119 13 38
74 13 38
66 13 38
106 13 38
45 13 38
151 13 38
91 13 38
50 13 38
172 13 38
112 13 38
75 13 38
147 13 38
45 13 38
53 13 38
84 13 38
134 13 38
33 13 38
152 13 38
150 13 38
154 13 38
20 13 38
29 13 38
132 13 38
162 13 38
183 13 38
89 13 38
25 13 38
42 13 38
62 13 38
77 38 13
175 13 38
70 13 38
44 13 38
95 13 38
176 13 38
98 13 38
99 13 38
120 13 38
49 13 38
65 13 38
64 13 38
34 13 38
100 13 38
157 13 38
79 13 38
113 13 38
53 13 38
72 13 38
20 13 38
56 13 38
166 13 38
187 13 38
110 13 38
122 38 13
188 13 38
41 13 38
168 13 38
107 13 38
108 13 38
20 13 38
173 13 38
55 13 38
161 13 38
69 13 38
85 13 38
114 13 38
189 13 38
56 13 38
156 13 38
190 13 38
118 13 38
29 13 38
53 13 38
155 13 38
19 13 38
80 13 38
191 13 38
159 13 38
125 13 38
126 13 38
192 13 38
81 13 38
97 13 38
165 13 38
52 13 38
128 13 38
133 13 38
131 13 38
28 13 38
91 13 38
132 13 38
135 13 38
130 13 38
45 19 38
63 19 38
37 19 38
26 19 38
22 19 38
71 19 38
53 19 38
54 38 19
12 19 38
6 18 26
1 18 26
21 18 26
86 18 26
4 18 26
82 18 26
137 18 26
25 18 26
141 18 26
136 18 26
193 18 26
2 18 26
138 18 26
140 18 26
13 18 26
14 18 26
40 18 26
171 18 26
20 18 26
6 18 26
7 18 26
36 18 26
23 18 26
3 18 26
9 18 26
29 18 26
60 18 26
142 18 26
35 18 26
1 18 26
46 26 18
105 18 26
34 18 26
16 18 26
37 18 26
71 18 26
32 18 26
15 18 26
22 18 26
42 18 26
194 26 18
73 18 26
68 18 26
43 18 26
44 18 26
174 18 26
12 18 26
144 18 26
41 18 26
39 18 26
51 18 26
31 18 26
72 18 26
119 18 26
177 18 26
63 18 26
45 18 26
46 18 26
76 18 26
16 26 18
54 18 26
79 18 26
90 18 26
69 18 26
17 18 26
50 18 26
74 18 26
57 18 26
59 18 26
46 18 26
147 18 26
26 18 26
2 18 26
129 18 26
16 18 26
67 18 26
101 18 26
53 18 26
46 18 26
33 18 26
38 18 26
116 18 26
150 18 26
19 18 26
37 18 26
16 18 26
8 18 26
94 18 26
172 18 26
46 18 26
167 18 26
173 18 26
96 18 26
55 18 26
81 18 26
83 18 26
7 18 26
134 18 26
37 18 26
9 18 26
153 18 26
154 18 26
20 18 26
115 18 26
49 18 26
45 18 26
2 18 26
77 18 26
93 26 18
155 18 26
89 18 26
61 18 26
58 18 26
97 18 26
176 18 26
98 18 26
75 18 26
112 18 26
71 18 26
191 18 26
72 18 26
162 18 26
56 18 26
85 18 26
163 18 26
70 18 26
175 18 26
23 18 26
36 18 26
195 18 26
103 18 26
29 18 26
52 18 26
53 18 26
108 18 26
130 18 26
66 18 26
64 18 26
91 18 26
160 18 26
114 18 26
95 18 26
88 18 26
190 18 26
157 18 26
100 18 26
109 18 26
72 18 26
62 18 26
122 18 26
158 18 26
132 18 26
65 18 26
23 18 26
127 18 26
192 18 26
187 18 26
110 18 26
165 18 26
111 18 26
151 18 26
166 18 26
168 18 26
28 18 26
169 18 26
91 18 26
99 18 26
133 18 26
1 11 27
141 11 27
23 11 27
6 11 27
4 27 11
82 11 27
7 11 27
39 11 27
8 11 27
21 11 27
193 11 27
186 11 27
35 11 27
11 11 27
73 11 27
137 11 27
14 11 27
40 11 27
171 11 27
46 11 27
196 11 27
42 11 27
26 11 27
16 11 27
27 11 27
29 11 27
60 11 27
32 11 27
76 11 27
69 11 27
31 11 27
25 11 27
86 11 27
17 11 27
36 11 27
9 11 27
28 11 27
38 11 27
19 11 27
53 11 27
41 11 27
143 11 27
3 11 27
58 11 27
63 11 27
44 11 27
174 11 27
144 11 27
47 11 27
67 11 27
37 11 27
2 11 27
22 11 27
145 11 27
15 11 27
75 11 27
68 11 27
72 11 27
148 11 27
13 11 27
79 11 27
50 11 27
24 11 27
46 11 27
105 11 27
49 11 27
129 11 27
22 11 27
94 11 27
45 11 27
119 11 27
150 11 27
74 11 27
54 11 27
12 11 27
132 11 27
32 11 27
20 11 27
17 11 27
122 11 27
106 11 27
45 11 27
179 11 27
172 11 27
22 11 27
101 11 27
21 11 27
77 11 27
90 11 27
167 11 27
32 11 27
78 11 27
55 11 27
56 11 27
92 11 27
52 11 27
64 11 27
42 11 27
152 11 27
91 11 27
154 11 27
70 11 27
71 11 27
67 11 27
86 11 27
175 11 27
155 11 27
66 11 27
95 27 11
96 11 27
97 11 27
99 11 27
67 11 27
112 11 27
100 11 27
86 11 27
151 11 27
113 11 27
71 11 27
191 11 27
33 11 27
53 11 27
21 11 27
158 11 27
43 11 27
163 11 27
166 11 27
88 11 27
187 11 27
102 11 27
103 11 27
104 11 27
159 11 27
61 11 27
120 11 27
188 11 27
168 11 27
74 11 27
107 11 27
70 11 27
109 11 27
110 11 27
64 11 27
115 11 27
111 11 27
134 11 27
160 11 27
68 11 27
161 11 27
57 11 27
189 11 27
116 11 27
156 11 27
153 11 27
5 11 27
29 11 27
136 11 27
79 11 27
164 11 27
64 11 27
62 11 27
180 11 27
123 11 27
93 11 27
88 11 27
182 11 27
65 11 27
197 11 27
59 11 27
183 11 27
133 11 27
169 11 27
91 11 27
135 11 27
130 11 27
80 11 27
170 11 27
75 11 27
184 11 27
12 17 35
61 17 35
44 17 35
105 17 35
66 17 35
31 16 36
46 16 36
67 36 16
133 16 36
99 16 36
1 33 29
6 29 33
137 29 33
4 33 29
5 29 33
6 14 36
3 14 36
136 14 36
5 14 36
2 14 36
25 14 36
185 14 36
141 14 36
1 14 36
10 14 36
139 14 36
86 14 36
73 14 36
16 14 36
20 14 36
46 14 36
59 14 36
22 14 36
42 14 36
26 14 36
28 14 36
30 14 36
31 14 36
105 36 14
33 14 36
12 14 36
76 14 36
50 14 36
35 14 36
60 14 36
71 14 36
29 14 36
53 14 36
40 14 36
196 14 36
143 14 36
194 14 36
7 14 36
55 14 36
65 14 36
37 14 36
44 14 36
69 14 36
32 14 36
67 14 36
17 14 36
49 14 36
9 14 36
142 14 36
52 14 36
177 14 36
45 14 36
79 14 36
90 14 36
21 14 36
31 14 36
74 14 36
57 14 36
94 14 36
24 14 36
63 14 36
8 14 36
110 14 36
32 36 14
13 14 36
36 14 36
148 14 36
116 14 36
31 14 36
19 14 36
66 14 36
63 14 36
20 14 36
68 14 36
70 14 36
151 14 36
91 14 36
179 14 36
60 14 36
112 14 36
167 14 36
32 14 36
63 14 36
18 14 36
23 14 36
81 14 36
83 14 36
84 14 36
64 14 36
174 14 36
69 14 36
50 14 36
12 14 36
153 14 36
63 14 36
60 14 36
115 14 36
162 14 36
88 14 36
71 14 36
89 14 36
72 14 36
122 14 36
62 14 36
36 14 36
12 14 36
97 14 36
176 14 36
99 14 36
120 14 36
134 14 36
40 14 36
100 14 36
34 14 36
8 14 36
20 14 36
163 14 36
187 14 36
175 14 36
101 14 36
13 14 36
77 14 36
69 14 36
195 14 36
60 14 36
155 14 36
104 14 36
61 14 36
188 36 14
41 14 36
119 14 36
133 14 36
109 14 36
96 14 36
102 14 36
160 14 36
69 14 36
189 14 36
56 14 36
157 14 36
38 14 36
53 14 36
15 14 36
121 14 36
74 14 36
180 14 36
106 14 36
75 14 36
191 14 36
103 14 36
132 14 36
107 14 36
182 14 36
192 14 36
197 14 36
130 14 36
39 14 36
59 14 36
128 14 36
91 14 36
170 14 36
80 14 36
21 6 16
23 6 16
3 6 16
1 6 16
6 6 16
9 6 16
16 6 16
10 6 16
55 6 16
193 6 16
186 6 16
86 6 16
35 6 16
137 6 16
15 6 16
18 6 16
17 6 16
196 6 16
6 6 16
42 6 16
24 6 16
25 6 16
27 6 16
28 6 16
29 6 16
105 6 16
33 6 16
4 6 16
12 6 16
76 6 16
34 6 16
50 6 16
1 6 16
11 6 16
5 6 16
20 6 16
37 6 16
38 6 16
32 6 16
41 6 16
64 6 16
56 6 16
31 6 16
142 6 16
194 6 16
58 6 16
7 6 16
63 6 16
65 6 16
2 6 16
174 6 16
46 6 16
60 6 16
8 6 16
144 6 16
47 6 16
67 6 16
49 6 16
145 6 16
52 6 16
148 6 16
177 6 16
26 6 16
13 6 16
143 6 16
90 6 16
74 6 16
45 6 16
94 6 16
147 6 16
61 6 16
62 6 16
72 6 16
110 6 16
22 6 16
71 6 16
40 6 16
25 6 16
150 6 16
26 6 16
132 6 16
32 6 16
69 6 16
70 6 16
122 6 16
53 6 16
91 6 16
2 6 16
36 6 16
179 6 16
44 6 16
173 6 16
96 6 16
92 6 16
80 6 16
68 6 16
153 6 16
45 6 16
115 6 16
183 6 16
67 6 16
73 6 16
79 6 16
50 6 16
93 6 16
66 6 16
97 6 16
19 6 16
120 6 16
75 6 16
116 6 16
191 6 16
162 6 16
158 6 16
82 6 16
43 6 16
163 6 16
166 6 16
88 6 16
187 6 16
59 6 16
102 6 16
103 6 16
17 6 16
159 6 16
119 6 16
94 6 16
98 6 16
53 6 16
130 6 16
111 6 16
175 6 16
71 6 16
83 6 16
85 6 16
190 6 16
118 6 16
178 6 16
136 6 16
77 6 16
188 6 16
155 6 16
164 6 16
152 6 16
19 6 16
105 6 16
121 6 16
87 6 16
181 6 16
101 6 16
39 6 16
48 6 16
133 6 16
167 6 16
114 6 16
134 6 16
110 6 16
184 6 16
160 6 16
45 35 37
25 37 35
90 35 37
77 37 35
76 35 37
32 6 13
68 6 13
20 6 13
29 6 13
17 6 13
5 14 17
86 14 17
61 14 17
159 14 17
104 14 17
32 31 28
12 31 28
20 31 28
29 31 28
17 28 31
141 4 23
23 4 23
6 4 23
136 4 23
137 4 23
2 4 23
185 4 23
9 4 23
16 4 23
55 4 23
139 4 23
35 4 23
140 4 23
12 4 23
1 4 23
19 4 23
7 4 23
59 4 23
22 4 23
26 4 23
27 4 23
28 4 23
46 4 23
33 4 23
34 4 23
50 4 23
25 4 23
17 4 23
37 4 23
71 4 23
29 4 23
196 4 23
143 4 23
31 4 23
142 4 23
194 4 23
3 4 23
58 4 23
65 4 23
43 4 23
69 4 23
60 4 23
48 4 23
63 4 23
40 4 23
145 4 23
39 4 23
75 4 23
36 4 23
32 4 23
31 4 23
68 4 23
72 4 23
119 4 23
148 4 23
20 4 23
8 4 23
54 4 23
88 4 23
146 4 23
67 4 23
35 4 23
56 4 23
44 4 23
74 4 23
45 4 23
62 4 23
49 4 23
110 4 23
32 4 23
13 4 23
101 4 23
53 4 23
21 4 23
149 4 23
52 4 23
150 4 23
26 4 23
132 4 23
70 4 23
122 4 23
36 4 23
179 4 23
73 4 23
112 4 23
105 4 23
147 4 23
167 23 4
96 4 23
18 4 23
92 4 23
80 4 23
83 4 23
84 4 23
42 4 23
134 4 23
85 4 23
86 4 23
87 4 23
13 4 23
115 4 23
162 4 23
183 4 23
94 4 23
90 4 23
69 4 23
45 4 23
36 4 23
175 4 23
41 4 23
156 4 23
95 4 23
60 4 23
176 4 23
90 4 23
17 4 23
68 4 23
40 4 23
64 4 23
151 4 23
94 4 23
158 4 23
82 4 23
163 4 23
166 4 23
91 4 23
13 4 23
77 4 23
195 4 23
15 4 23
155 4 23
104 4 23
159 4 23
44 4 23
168 4 23
76 4 23
19 4 23
79 4 23
107 4 23
130 4 23
160 4 23
68 4 23
73 4 23
161 4 23
113 4 23
177 4 23
189 4 23
117 4 23
5 4 23
38 4 23
178 4 23
152 4 23
109 4 23
120 4 23
74 4 23
180 4 23
61 4 23
106 4 23
181 4 23
41 4 23
93 4 23
9 4 23
124 4 23
174 4 23
70 4 23
154 4 23
23 4 23
126 4 23
127 4 23
97 4 23
197 4 23
111 4 23
4 4 23
52 4 23
128 4 23
132 4 23
169 4 23
132 4 23
133 4 23
2 18 39
21 18 39
3 18 39
86 18 39
136 18 39
82 18 39
5 18 39
39 18 39
9 18 39
1 18 39
6 18 39
186 18 39
73 18 39
13 18 39
14 18 39
15 18 39
17 18 39
18 18 39
6 18 39
40 18 39
4 18 39
171 18 39
20 18 39
46 18 39
196 18 39
36 18 39
59 18 39
141 18 39
22 18 39
42 18 39
142 18 39
105 18 39
32 18 39
26 18 39
34 18 39
50 18 39
11 18 39
28 18 39
1 18 39
64 18 39
68 18 39
65 18 39
35 18 39
25 18 39
12 18 39
31 18 39
47 18 39
16 18 39
37 18 39
48 18 39
41 18 39
145 18 39
75 18 39
51 18 39
119 18 39
25 18 39
177 18 39
63 18 39
8 18 39
33 18 39
88 18 39
146 18 39
94 18 39
61 18 39
7 18 39
31 18 39
149 18 39
45 18 39
116 18 39
54 18 39
12 18 39
29 18 39
106 18 39
151 18 39
71 18 39
179 39 18
13 18 39
60 18 39
44 18 39
172 18 39
22 18 39
43 18 39
101 18 39
76 18 39
77 18 39
67 18 39
56 18 39
53 18 39
84 18 39
85 18 39
152 18 39
69 18 39
110 18 39
12 18 39
68 18 39
153 18 39
87 18 39
154 18 39
29 18 39
132 18 39
183 18 39
72 18 39
92 18 39
93 18 39
155 18 39
13 18 39
9 18 39
67 18 39
90 18 39
19 18 39
17 18 39
52 18 39
49 18 39
22 18 39
157 18 39
79 18 39
191 18 39
70 18 39
166 18 39
91 18 39
23 18 39
67 18 39
195 18 39
89 18 39
102 18 39
29 18 39
159 18 39
7 18 39
188 18 39
38 18 39
168 18 39
74 18 39
133 18 39
103 18 39
173 18 39
55 18 39
90 18 39
99 18 39
98 18 39
190 18 39
162 18 39
178 18 39
96 18 39
64 18 39
44 18 39
123 18 39
9 18 39
174 18 39
70 39 18
182 18 39
126 18 39
192 18 39
187 18 39
108 18 39
130 18 39
129 18 39
160 18 39
66 18 39
56 18 39
132 18 39
114 18 39
135 18 39
170 18 39
80 18 39
130 18 39
184 18 39
67 14 35
33 14 35
76 14 35
55 14 35
132 14 35
6 11 5
141 5 11
2 5 11
86 5 11
4 5 11
25 5 11
7 5 11
185 5 11
39 5 11
55 5 11
136 5 11
193 5 11
11 5 11
18 5 11
1 5 11
19 5 11
46 5 11
196 5 11
36 5 11
24 5 11
9 5 11
28 5 11
30 5 11
142 5 11
105 5 11
32 5 11
76 5 11
16 5 11
20 5 11
38 5 11
60 5 11
71 5 11
1 5 11
56 5 11
22 5 11
194 5 11
26 5 11
73 11 5
63 5 11
137 5 11
43 5 11
37 5 11
13 11 5
45 5 11
50 5 11
174 5 11
41 5 11
31 5 11
67 5 11
40 5 11
15 5 11
75 5 11
51 5 11
23 5 11
53 11 5
35 5 11
16 5 11
33 5 11
12 5 11
21 5 11
146 5 11
31 5 11
69 5 11
17 5 11
37 5 11
8 5 11
72 11 5
31 5 11
68 5 11
101 5 11
50 5 11
21 5 11
17 5 11
42 5 11
64 5 11
90 5 11
31 5 11
37 5 11
29 5 11
17 5 11
70 11 5
91 5 11
151 5 11
50 5 11
94 5 11
88 5 11
61 5 11
21 5 11
25 5 11
167 5 11
173 5 11
96 5 11
78 5 11
67 5 11
92 5 11
80 5 11
81 5 11
134 5 11
85 5 11
50 5 11
110 5 11
63 5 11
36 5 11
45 5 11
49 5 11
79 5 11
122 5 11
119 5 11
42 5 11
2 5 11
155 5 11
89 11 5
44 5 11
156 5 11
37 5 11
52 5 11
74 5 11
120 5 11
100 5 11
113 5 11
191 5 11
21 5 11
158 5 11
42 5 11
59 5 11
195 5 11
52 5 11
188 5 11
93 5 11
8 11 5
106 5 11
98 5 11
133 5 11
107 5 11
77 5 11
108 5 11
111 5 11
102 11 5
175 5 11
91 5 11
71 5 11
114 5 11
115 5 11
88 5 11
153 5 11
118 5 11
34 5 11
179 5 11
176 5 11
119 5 11
105 5 11
121 5 11
123 5 11
181 5 11
124 5 11
103 5 11
82 5 11
154 5 11
182 5 11
126 5 11
192 5 11
104 5 11
197 5 11
165 5 11
128 5 11
160 5 11
66 5 11
130 5 11
132 5 11
99 11 5
141 24 28
2 24 28
86 24 28
82 28 24
137 24 28
185 24 28
8 24 28
16 24 28
21 24 28
193 24 28
138 24 28
186 24 28
139 24 28
35 24 28
13 24 28
15 24 28
18 24 28
6 24 28
4 24 28
19 24 28
171 24 28
46 24 28
196 24 28
59 24 28
42 24 28
3 24 28
1 24 28
26 24 28
60 24 28
31 24 28
33 28 24
69 24 28
50 24 28
1 24 28
39 24 28
64 24 28
56 24 28
68 24 28
58 24 28
14 24 28
45 24 28
174 24 28
41 24 28
20 24 28
32 24 28
17 24 28
63 24 28
49 24 28
9 24 28
142 24 28
75 24 28
51 24 28
71 24 28
23 24 28
73 24 28
119 24 28
25 24 28
177 24 28
12 24 28
54 24 28
37 24 28
22 24 28
29 24 28
146 24 28
55 24 28
74 24 28
57 24 28
34 28 24
61 24 28
147 24 28
62 24 28
7 24 28
110 24 28
129 24 28
36 28 24
149 24 28
52 24 28
90 24 28
116 24 28
65 24 28
66 24 28
132 28 24
67 24 28
106 24 28
53 24 28
72 24 28
88 24 28
112 24 28
45 24 28
77 24 28
25 24 28
173 24 28
40 24 28
92 24 28
79 24 28
83 24 28
134 24 28
85 24 28
91 24 28
13 24 28
150 24 28
70 24 28
115 24 28
162 24 28
183 24 28
94 24 28
50 24 28
175 24 28
156 28 24
105 24 28
95 24 28
60 24 28
98 24 28
99 24 28
167 24 28
120 24 28
157 24 28
73 24 28
113 24 28
33 24 28
187 24 28
67 24 28
89 24 28
94 24 28
60 24 28
17 24 28
104 24 28
153 24 28
122 24 28
44 24 28
93 24 28
76 28 24
79 24 28
133 24 28
20 24 28
109 24 28
96 24 28
103 24 28
111 24 28
161 24 28
90 24 28
190 24 28
117 24 28
49 28 24
100 24 28
163 24 28
178 24 28
188 24 28
176 24 28
86 24 28
164 24 28
121 24 28
87 28 24
180 24 28
123 24 28
158 24 28
181 24 28
101 24 28
124 24 28
43 24 28
159 24 28
125 24 28
7 24 28
81 24 28
197 24 28
48 28 24
151 24 28
131 24 28
169 24 28
80 24 28
170 24 28
132 24 28
130 24 28
184 24 28
46 11 9
42 9 11
33 11 9
76 9 11
132 9 11
45 29 24
25 24 29
52 29 24
114 29 24
80 24 29
32 32 37
31 37 32
8 32 37
46 32 37
60 32 37
67 29 37
96 29 37
79 29 37
55 37 29
73 29 37
113 37 29
12 15 21
61 15 21
44 15 21
105 15 21
93 15 21
61 2 32
105 2 32
147 2 32
62 2 32
34 2 32
6 2 12
136 2 12
86 2 12
23 2 12
3 2 12
91 6 15
50 6 15
36 6 15
8 6 15
71 6 15
5 17 39
86 17 39
61 17 39
159 17 39
104 17 39
2 14 30
7 14 30
25 14 30
68 14 30
13 14 30
41 25 26
25 25 26
20 25 26
69 25 26
174 25 26
1 23 17
35 17 23
4 17 23
11 17 23
19 17 23
153 13 27
38 13 27
119 13 27
105 13 27
41 13 27
141 4 27
9 4 27
26 4 27
39 4 27
8 4 27
89 13 10
60 10 13
98 10 13
176 10 13
97 10 13
63 5 38
94 5 38
60 5 38
58 5 38
132 5 38
50 2 28
41 2 28
45 2 28
69 2 28
174 2 28
94 37 27
89 27 37
67 37 27
71 27 37
153 27 37
17 9 26
36 9 26
72 9 26
46 9 26
82 9 26
45 15 28
25 15 28
90 15 28
77 15 28
76 15 28
46 25 20
16 20 25
20 20 25
9 20 25
28 20 25
29 20 25
196 20 25
21 20 25
41 22 34
52 22 34
82 22 34
83 22 34
81 22 34
26 8 9
37 8 9
7 8 9
49 8 9
34 8 9
86 25 27
91 25 27
175 25 27
77 27 25
36 25 27
105 11 33
61 11 33
75 11 33
43 11 33
101 11 33
70 11 31
60 11 31
8 11 31
20 11 31
29 11 31
60 4 18
32 4 18
39 4 18
71 4 18
19 4 18
42 10 26
37 10 26
134 10 26
85 10 26
7 10 26
49 34 31
162 34 31
115 31 34
132 31 34
183 34 31
16 20 24
94 20 24
45 20 24
57 20 24
91 20 24
63 2 36
25 2 36
96 2 36
76 2 36
173 2 36
16 8 28
6 28 8
1 8 28
21 8 28
16 8 28
17 8 28
15 8 28
14 8 28
18 8 28
86 4 38
156 4 38
157 4 38
136 4 38
34 4 38
94 5 24
12 5 24
44 5 24
93 5 24
82 5 24
45 17 27
70 17 27
20 17 27
154 17 27
132 17 27
32 18 19
13 18 19
8 19 18
12 19 18
60 18 19
25 5 25
86 5 25
60 5 25
32 5 25
26 5 25
69 5 25
76 5 25
24 5 25
4 5 25
37 4 33
134 4 33
33 4 33
85 4 33
152 4 33
17 25 28
72 25 28
21 25 28
40 25 28
82 25 28
32 15 33
50 15 33
17 15 33
44 15 33
56 15 33
37 1 16
22 1 16
53 1 16
148 1 16
25 1 16
119 1 16
54 1 16
12 1 16
20 1 16
1 4 21
31 4 21
2 4 21
37 4 21
25 4 21
9 4 21
36 4 21
28 4 21
46 6 28
16 6 28
20 6 28
9 6 28
28 6 28
29 6 28
196 6 28
21 6 28
64 36 39
157 36 39
100 36 39
136 36 39
34 36 39
31 4 34
22 4 34
35 4 34
143 4 34
110 4 34
94 4 29
12 4 29
44 4 29
93 4 29
82 4 29
46 32 15
32 15 32
15 15 32
29 15 32
105 15 32
86 16 28
175 16 28
91 16 28
77 16 28
36 16 28
46 9 12
32 9 12
15 9 12
29 9 12
105 9 12
63 21 36
96 21 36
79 36 21
173 36 21
73 36 21
113 36 21
89 14 13
60 14 13
98 13 14
99 13 14
176 13 14
70 7 31
77 7 31
36 7 31
41 7 31
133 7 31
31 11 18
67 11 18
16 11 18
71 11 18
22 11 18
1 8 29
6 8 29
137 8 29
4 8 29
5 8 29
64 1 26
157 1 26
100 1 26
136 1 26
34 1 26
89 34 35
60 34 35
98 34 35
99 34 35
176 34 35
50 20 34
36 34 20
8 20 34
71 34 20
134 20 34
1 12 7
35 7 12
4 7 12
11 7 12
19 7 12
32 8 12
17 8 12
53 8 12
21 8 12
40 8 12
16 15 37
94 15 37
45 15 37
160 15 37
132 15 37
13 6 12
70 12 6
8 6 12
94 6 12
134 6 12
8 4 32
71 4 32
73 4 32
116 4 32
151 4 32
94 19 24
77 19 24
103 19 24
102 19 24
69 19 24
177 19 24
29 19 24
15 19 24
155 19 24
1 3 14
6 3 14
137 3 14
4 3 14
5 3 14
41 2 5
167 2 5
82 2 5
80 2 5
81 2 5
188 22 31
19 22 31
74 22 31
93 22 31
168 22 31
67 2 24
17 2 24
19 2 24
90 2 24
167 2 24
50 2 14
17 2 14
74 2 14
44 2 14
56 2 14
46 22 30
61 22 30
147 22 30
62 22 30
59 22 30
20 11 30
56 11 30
162 11 30
39 11 30
130 11 30
13 13 21
70 13 21
8 13 21
94 13 21
134 13 21
22 32 33
79 33 32
42 33 32
122 32 33
119 33 32
74 17 36
63 17 36
67 17 36
37 17 36
86 17 36
9 17 36
66 17 36
19 17 36
65 17 36
98 5 32
53 5 32
79 5 32
106 5 32
107 5 32
94 23 37
42 23 37
70 23 37
85 23 37
43 23 37
6 20 36
40 36 20
55 20 36
13 36 20
91 20 36
63 36 25
16 36 25
37 36 25
17 36 25
48 25 36
45 11 28
53 11 28
132 11 28
151 11 28
155 11 28
53 36 31
95 36 31
120 36 31
72 31 36
122 31 36
44 36 31
191 36 31
7 36 31
52 36 31
41 19 30
52 19 30
82 19 30
83 19 30
81 19 30
25 14 37
13 14 37
8 14 37
12 14 37
60 14 37
50 4 28
41 4 28
20 4 28
69 4 28
174 4 28
188 13 33
19 13 33
74 13 33
93 13 33
168 13 33
1 10 12
31 10 12
35 10 12
46 12 10
142 10 12
63 16 34
32 16 34
53 16 34
21 16 34
40 16 34
91 16 18
50 18 16
36 18 16
2 18 16
155 18 16
77 34 25
109 34 25
70 25 34
108 25 34
133 34 25
46 10 17
40 10 17
15 17 10
53 10 17
29 10 17
31 39 37
16 37 39
22 39 37
110 37 39
129 37 39
46 9 16
21 9 16
42 9 16
90 9 16
29 9 16
88 9 16
75 9 16
76 9 16
79 9 16
46 1 9
61 1 9
105 1 9
147 1 9
62 1 9
6 23 30
1 23 30
2 23 30
141 23 30
21 23 30
63 5 16
96 5 16
79 5 16
173 5 16
73 5 16
113 5 16
67 13 35
16 13 35
50 13 35
71 13 35
101 13 35
98 18 36
53 18 36
79 18 36
106 18 36
107 18 36
94 14 15
41 14 15
93 14 15
82 14 15
133 14 15
46 18 38
16 18 38
20 18 38
9 38 18
28 18 38
29 18 38
196 18 38
21 18 38
26 34 28
37 34 28
2 34 28
7 28 34
49 34 28
20 8 35
60 8 35
17 8 35
63 8 35
68 8 35
55 8 35
58 8 35
7 8 35
38 8 35
63 15 29
37 15 29
22 15 29
53 15 29
148 15 29
25 15 29
54 15 29
12 15 29
20 15 29
94 1 20
41 1 20
93 1 20
82 1 20
133 1 20
45 8 37
36 8 37
13 8 37
154 8 37
132 8 37
32 8 15
12 15 8
20 8 15
29 8 15
130 8 15
6 1 7
1 1 7
2 1 7
141 1 7
21 1 7
35 8 18
20 8 18
17 8 18
63 8 18
68 8 18
55 8 18
58 8 18
7 8 18
38 8 18
46 14 4
61 4 14
105 4 14
147 4 14
62 4 14
53 24 27
95 24 27
162 24 27
72 24 27
130 24 27
16 4 31
45 4 31
74 4 31
57 4 31
91 4 31
53 11 17
69 11 17
68 11 17
122 11 17
106 11 17
70 24 39
60 24 39
20 24 39
154 24 39
132 24 39
42 31 24
37 24 31
134 24 31
7 31 24
174 24 31
17 6 20
52 6 20
120 6 20
74 6 20
134 6 20
26 6 34
2 6 34
8 6 34
7 6 34
49 6 34
1 19 36
35 19 36
4 19 36
11 19 36
19 19 36
45 1 8
25 1 8
52 1 8
114 1 8
80 1 8
74 3 31
86 3 31
150 3 31
119 3 31
116 3 31
45 5 29
132 5 29
2 5 29
151 5 29
155 5 29
64 27 28
112 27 28
100 27 28
65 28 27
160 27 28
31 6 30
37 6 30
22 30 6
35 6 30
43 6 30
42 6 23
37 6 23
134 6 23
85 6 23
7 6 23
94 4 39
41 4 39
93 4 39
82 4 39
133 4 39
32 20 15
31 15 20
8 15 20
46 15 20
60 20 15
63 4 37
60 4 37
58 4 37
59 4 37
132 4 37
70 34 26
77 34 26
36 34 26
41 34 26
133 34 26
20 26 33
56 26 33
162 33 26
39 26 33
130 26 33
49 19 34
8 19 34
29 19 34
115 19 34
132 19 34
13 10 18
96 10 18
175 10 18
88 10 18
163 10 18
9 10 18
187 10 18
97 10 18
166 10 18
94 2 33
77 2 33
103 2 33
102 2 33
69 2 33
177 2 33
29 2 33
15 2 33
155 2 33
94 14 31
77 14 31
103 14 31
102 14 31
69 14 31
177 14 31
29 14 31
15 14 31
155 14 31
67 13 34
33 13 34
55 13 34
15 13 34
132 13 34
94 34 38
64 38 34
42 34 38
114 38 34
80 34 38
36 9 35
13 9 35
9 9 35
68 9 35
87 9 35
8 14 21
53 14 21
95 14 21
120 14 21
122 14 21
44 14 21
191 14 21
7 14 21
52 14 21
141 4 20
9 4 20
26 4 20
39 4 20
8 4 20
16 19 29
94 19 29
58 19 29
160 19 29
132 19 29
188 23 32
19 23 32
74 23 32
93 23 32
168 23 32
45 7 35
26 7 35
8 7 35
71 7 35
13 7 35
49 18 29
162 18 29
115 18 29
132 18 29
183 18 29
37 26 39
105 26 39
147 26 39
62 26 39
34 39 26
12 31 21
73 21 31
137 21 31
142 21 31
26 21 31
42 31 21
67 9 33
63 9 33
50 9 33
71 9 33
101 9 33
86 9 24
21 9 24
42 9 24
119 9 24
62 9 24
50 1 12
17 1 12
74 1 12
44 1 12
56 1 12
35 23 38
72 23 38
52 23 38
119 23 38
73 23 38
31 24 34
2 34 24
8 24 34
110 34 24
129 24 34
60 9 21
8 9 21
29 9 21
115 9 21
132 21 9
73 3 22
45 3 22
44 3 22
59 3 22
43 3 22
31 11 21
67 11 21
69 11 21
55 11 21
15 11 21
63 1 21
32 1 21
53 1 21
21 1 21
40 1 21
49 38 35
8 38 35
29 35 38
115 38 35
132 35 38
71 2 26
72 2 26
162 2 26
88 2 26
183 2 26
13 3 34
96 3 34
175 3 34
88 3 34
163 3 34
9 3 34
187 3 34
97 3 34
166 3 34
94 39 33
64 33 39
42 33 39
114 33 39
80 33 39
1 11 14
6 14 11
137 11 14
4 14 11
5 14 11
50 11 39
17 11 39
74 11 39
44 11 39
57 11 39
2 1 37
7 1 37
25 1 37
68 1 37
13 1 37
67 22 16
98 22 16
99 22 16
176 22 16
167 22 16
63 17 29
25 17 29
96 17 29
76 17 29
173 17 29
153 19 37
38 19 37
119 19 37
105 19 37
41 19 37
60 15 27
32 15 27
39 15 27
71 15 27
19 15 27
50 6 18
73 6 18
45 6 18
44 6 18
59 6 18
12 3 11
73 3 11
137 3 11
142 3 11
26 3 11
42 3 11
60 11 22
72 11 22
94 22 11
73 11 22
44 11 22
63 21 35
67 35 21
37 21 35
9 21 35
12 21 35
66 21 35
19 35 21
65 21 35
36 14 16
7 14 16
59 14 16
56 14 16
132 14 16
22 18 28
61 18 28
105 18 28
74 18 28
43 18 28
67 7 38
33 7 38
76 7 38
55 7 38
132 7 38
1 15 16
35 16 15
46 15 16
142 16 15
12 15 16
1 22 36
35 22 36
4 22 36
11 22 36
19 22 36
98 5 10
53 5 10
79 5 10
106 5 10
107 5 10
53 34 33
95 34 33
120 34 33
72 34 33
122 34 33
44 34 33
191 34 33
7 34 33
52 34 33
31 30 27
32 30 27
50 30 27
36 27 30
40 27 30
20 10 37
60 10 37
17 10 37
63 10 37
68 10 37
55 10 37
58 10 37
7 10 37
38 10 37
69 5 23
91 5 23
50 5 23
86 5 23
158 5 23
153 8 26
38 8 26
119 8 26
105 8 26
41 8 26
31 3 5
2 3 5
22 3 5
143 3 5
56 3 5
96 12 26
64 12 26
110 12 26
130 12 26
66 12 26
53 3 12
95 3 12
120 3 12
72 3 12
122 3 12
44 3 12
191 3 12
7 3 12
52 3 12
6 8 22
40 8 22
55 8 22
13 8 22
91 8 22
70 27 31
77 31 27
36 31 27
41 27 31
133 31 27
1 17 18
35 17 18
46 17 18
142 17 18
12 17 18
32 18 24
31 18 24
46 18 24
133 18 24
99 18 24
41 2 34
25 2 34
20 2 34
13 34 2
12 2 34
22 9 30
21 9 30
42 9 30
119 9 30
62 9 30
94 33 28
90 33 28
73 33 28
69 33 28
153 28 33
153 8 39
38 8 39
119 8 39
105 8 39
41 8 39
12 3 33
73 3 33
137 3 33
142 3 33
26 3 33
42 3 33
69 4 15
68 4 15
122 4 15
17 4 15
106 4 15
50 14 23
45 14 23
74 14 23
44 14 23
57 14 23
6 7 28
136 7 28
86 7 28
23 7 28
3 7 28
1 30 31
22 31 30
42 31 30
3 31 30
23 31 30
2 4 19
7 4 19
25 4 19
68 4 19
13 4 19
46 12 14
21 14 12
42 14 12
90 14 12
29 12 14
88 14 12
75 14 12
76 14 12
79 14 12
79 25 30
167 25 30
53 25 30
23 25 30
80 25 30
94 21 28
89 21 28
67 21 28
90 21 28
153 21 28
36 5 27
7 5 27
59 5 27
56 5 27
132 5 27
37 13 26
73 13 26
44 13 26
59 13 26
43 13 26
31 7 27
25 7 27
86 7 27
32 7 27
26 7 27
69 7 27
76 7 27
24 7 27
4 7 27
50 21 30
12 21 30
16 21 30
33 21 30
34 21 30
67 22 37
42 22 37
33 22 37
76 22 37
132 22 37
67 5 13
40 5 13
79 5 13
55 5 13
73 5 13
113 5 13
32 10 39
17 10 39
53 10 39
21 10 39
40 10 39
72 18 27
148 18 27
52 18 27
25 18 27
119 18 27
32 3 25
68 25 3
20 3 25
29 3 25
17 3 25
13 9 39
70 9 39
8 9 39
71 9 39
134 9 39
73 35 30
45 30 35
44 35 30
59 35 30
43 35 30
67 20 30
92 20 30
40 20 30
56 20 30
55 20 30
67 2 25
16 2 25
50 2 25
71 2 25
101 2 25
86 12 32
116 12 32
156 12 32
34 12 32
151 12 32
96 13 29
64 13 29
110 13 29
130 13 29
66 13 29
60 11 32
32 11 32
39 11 32
71 11 32
19 11 32
1 3 6
31 3 6
35 3 6
46 3 6
142 3 6
63 1 2
67 1 2
37 1 2
9 1 2
12 1 2
66 1 2
19 1 2
65 1 2
153 23 39
38 23 39
119 23 39
105 23 39
41 23 39
79 13 25
92 13 25
53 13 25
56 13 25
23 13 25
46 11 16
16 11 16
20 11 16
9 11 16
28 11 16
29 11 16
196 11 16
21 11 16
41 8 20
40 8 20
53 8 20
55 20 8
58 8 20
64 8 20
65 8 20
1 5 8
22 8 5
42 8 5
3 5 8
23 5 8
12 36 37
61 36 37
44 36 37
105 36 37
93 36 37
52 13 15
64 13 15
83 13 15
84 13 15
174 13 15
89 12 27
60 12 27
98 12 27
99 12 27
176 12 27
45 20 32
36 20 32
13 20 32
68 20 32
87 20 32
42 1 18
37 1 18
134 1 18
85 1 18
7 1 18
31 3 36
32 3 36
68 3 36
36 3 36
40 3 36
12 27 39
9 39 27
68 27 39
110 27 39
87 27 39
31 7 15
37 7 15
22 7 15
35 7 15
43 7 15
25 10 15
90 10 15
52 10 15
33 10 15
38 10 15
36 37 26
7 26 37
59 37 26
56 26 37
132 26 37
77 20 38
109 20 38
70 20 38
108 20 38
133 20 38
6 2 9
40 2 9
55 2 9
13 2 9
91 2 9
98 9 17
53 9 17
79 9 17
106 9 17
107 9 17
42 23 31
64 23 31
7 23 31
84 23 31
174 23 31
41 10 34
25 10 34
20 10 34
69 10 34
174 10 34
60 7 33
8 7 33
29 7 33
115 7 33
132 7 33
94 3 37
77 3 37
103 3 37
102 3 37
69 3 37
177 3 37
29 3 37
15 3 37
155 3 37
67 14 29
63 14 29
50 14 29
71 14 29
101 14 29
32 11 37
31 11 37
46 11 37
60 11 37
133 11 37
88 6 37
72 6 37
73 6 37
112 6 37
75 6 37
64 16 29
157 16 29
100 16 29
136 16 29
160 16 29
96 17 34
64 17 34
110 17 34
130 17 34
66 17 34
2 8 14
7 8 14
25 8 14
68 8 14
13 8 14
12 10 23
73 10 23
137 23 10
142 23 10
26 23 10
42 10 23
63 6 39
16 6 39
37 6 39
17 6 39
48 6 39
16 21 24
6 21 24
1 21 24
21 24 21
16 21 24
17 21 24
15 21 24
14 21 24
18 21 24
42 19 31
64 19 31
7 19 31
84 19 31
174 19 31
45 35 39
25 35 39
90 39 35
77 35 39
179 35 39
31 31 37
32 31 37
68 31 37
36 31 37
40 31 37
1 22 35
31 22 35
86 22 35
35 22 35
142 22 35
6 14 27
136 14 27
86 14 27
23 14 27
3 14 27
20 1 36
162 1 36
72 1 36
39 1 36
130 1 36
70 13 32
60 13 32
20 13 32
154 32 13
132 13 32
94 1 10
42 1 10
85 1 10
56 1 10
43 1 10
46 6 22
42 6 22
33 6 22
76 6 22
132 6 22
96 11 23
64 11 23
110 11 23
130 11 23
66 11 23
45 12 38
53 12 38
132 12 38
122 12 38
151 12 38
94 17 28
70 17 28
110 17 28
91 17 28
85 17 28
52 6 19
120 6 19
74 6 19
134 6 19
49 6 19
89 16 20
60 16 20
98 16 20
176 16 20
97 16 20
1 21 29
31 21 29
2 21 29
37 21 29
25 29 21
9 21 29
36 29 21
28 29 21
88 12 21
72 12 21
73 12 21
112 12 21
75 12 21
13 2 16
96 2 16
66 2 16
175 2 16
88 2 16
163 2 16
9 2 16
187 2 16
166 2 16
31 3 26
16 3 26
22 3 26
110 3 26
129 3 26
45 11 26
26 11 26
8 11 26
71 11 26
13 11 26
74 10 35
63 10 35
67 10 35
37 10 35
86 10 35
9 10 35
66 10 35
19 10 35
65 10 35
67 24 32
92 24 32
40 24 32
56 24 32
55 24 32
46 13 37
15 13 37
53 13 37
29 13 37
105 13 37
1 23 15
35 15 23
4 23 15
11 15 23
19 15 23
63 22 33
37 22 33
26 22 33
22 22 33
71 22 33
53 22 33
54 22 33
12 22 33
20 22 33
60 2 10
32 2 10
39 2 10
71 2 10
19 2 10
94 38 28
77 38 28
103 38 28
102 38 28
69 28 38
177 38 28
29 38 28
15 38 28
155 38 28
101 38 28
23 38 28
59 38 28
60 8 24
72 8 24
94 8 24
73 8 24
44 8 24
1 28 26
22 26 28
42 26 28
3 26 28
23 26 28
22 2 6
73 2 6
79 2 6
69 2 6
122 2 6
16 3 16
45 3 16
74 3 16
57 3 16
91 3 16
45 38 33
36 33 38
13 33 38
68 38 33
87 33 38
5 18 20
86 18 20
61 18 20
159 18 20
104 20 18
110 31 25
91 25 31
101 25 31
23 25 31
59 25 31
50 16 24
12 16 24
16 16 24
33 16 24
34 16 24
188 5 12
19 12 5
74 5 12
93 5 12
168 5 12
6 37 24
1 24 37
2 37 24
141 24 37
21 24 37
45 2 27
91 2 27
2 2 27
151 2 27
155 2 27
74 35 24
63 24 35
67 24 35
37 24 35
9 24 35
66 35 24
19 24 35
65 35 24
90 1 22
150 1 22
119 1 22
116 1 22
38 1 22
1 9 32
35 9 32
4 9 32
11 9 32
19 9 32
45 2 31
25 2 31
90 2 31
52 2 31
33 2 31
5 23 16
86 23 16
61 23 16
159 16 23
104 16 23
94 17 16
89 17 16
67 17 16
90 17 16
153 16 17
37 19 13
134 19 13
33 13 19
85 13 19
152 13 19
42 38 27
37 38 27
134 27 38
7 38 27
174 27 38
110 1 11
91 1 11
101 1 11
23 1 11
59 1 11
45 4 26
90 4 26
77 4 26
179 4 26
130 4 26
67 13 28
17 13 28
19 13 28
90 13 28
167 13 28
94 19 26
42 19 26
70 19 26
85 19 26
43 19 26
49 13 24
72 13 24
162 13 24
88 13 24
183 13 24
70 3 24
60 24 3
8 3 24
20 3 24
29 3 24
5 17 32
86 17 32
61 17 32
159 17 32
104 17 32
36 8 7
7 8 7
59 8 7
56 8 7
132 8 7
90 34 37
73 34 37
79 34 37
69 34 37
122 34 37
35 3 7
20 3 7
17 3 7
63 3 7
68 3 7
55 3 7
58 3 7
7 3 7
38 3 7
112 38 36
68 38 36
75 38 36
65 38 36
160 36 38
69 1 27
91 1 27
33 1 27
152 1 27
158 1 27
71 18 31
72 18 31
162 18 31
88 18 31
183 18 31
36 7 10
72 7 10
46 10 7
82 7 10
42 7 10
49 4 36
162 4 36
115 4 36
132 4 36
183 4 36
115 27 21
103 21 27
88 27 21
111 21 27
80 21 27
32 2 37
50 2 37
49 2 37
36 2 37
40 2 37
70 8 27
60 8 27
20 8 27
154 8 27
132 8 27
36 8 23
72 8 23
46 8 23
82 8 23
42 23 8
36 17 24
94 17 24
46 17 24
64 17 24
42 17 24
25 31 29
9 31 29
60 29 31
32 31 29
26 29 31
69 31 29
76 29 31
24 29 31
4 31 29
32 6 26
12 6 26
29 6 26
65 6 26
130 6 26
153 3 19
38 3 19
119 3 19
105 3 19
41 19 3
94 10 31
42 10 31
70 10 31
85 10 31
43 10 31
5 19 32
86 19 32
61 19 32
159 19 32
104 19 32
8 17 31
71 17 31
73 17 31
116 17 31
151 17 31
6 18 32
1 18 32
2 18 32
141 18 32
21 18 32
63 16 27
22 16 27
49 16 27
2 16 27
48 16 27
115 33 30
103 33 30
88 33 30
111 33 30
80 33 30
31 12 34
8 12 34
22 12 34
110 12 34
129 12 34
41 22 15
40 22 15
53 22 15
55 15 22
58 22 15
64 22 15
65 22 15
90 4 35
33 4 35
119 4 35
116 4 35
38 4 35
70 38 39
60 38 39
8 38 39
20 38 39
29 38 39
22 10 33
61 10 33
74 10 33
112 10 33
75 10 33
26 7 32
2 7 32
8 7 32
7 7 32
49 7 32
22 15 34
61 15 34
105 15 34
74 15 34
112 15 34
67 17 37
16 17 37
71 17 37
22 17 37
101 17 37
41 5 17
167 5 17
82 5 17
23 5 17
80 5 17
63 29 28
22 29 28
50 29 28
49 29 28
2 29 28
46 12 16
8 12 16
13 12 16
21 16 12
90 16 12
29 16 12
88 12 16
75 12 16
79 16 12
35 34 32
72 34 32
52 34 32
119 34 32
73 34 32
12 8 31
9 8 31
68 8 31
110 8 31
87 8 31
31 2 19
2 2 19
22 2 19
143 2 19
56 2 19
13 9 20
61 9 20
105 9 20
66 9 20
9 9 20
32 4 25
50 4 25
49 4 25
36 4 25
40 4 25
21 10 14
75 10 14
101 10 14
179 10 14
130 10 14
22 12 36
105 12 36
61 12 36
74 12 36
112 36 12
21 6 9
75 6 9
43 6 9
101 6 9
130 6 9
25 14 28
9 14 28
60 14 28
32 14 28
26 14 28
69 14 28
76 14 28
24 14 28
4 14 28
16 9 10
6 10 9
1 9 10
21 10 9
16 9 10
17 9 10
15 9 10
14 9 10
18 10 9
2 10 38
35 10 38
37 10 38
20 10 38
17 10 38
9 10 38
36 10 38
28 10 38
72 18 21
148 18 21
25 18 21
119 18 21
20 18 21
12 29 32
73 29 32
137 29 32
142 29 32
26 29 32
42 29 32
77 1 23
109 1 23
70 1 23
108 1 23
133 1 23
32 1 5
12 1 5
20 1 5
29 1 5
130 1 5
35 10 29
20 10 29
17 10 29
63 10 29
68 10 29
55 10 29
58 10 29
7 10 29
38 10 29
1 29 35
31 29 35
25 29 35
63 29 35
68 35 29
33 29 35
7 35 29
45 14 33
90 14 33
25 14 33
52 14 33
33 14 33
52 33 24
64 33 24
83 24 33
84 33 24
81 24 33
46 6 4
13 6 4
21 6 4
42 6 4
90 6 4
29 6 4
88 6 4
75 6 4
79 6 4
36 9 15
7 9 15
59 9 15
56 9 15
132 9 15
90 5 22
150 5 22
119 5 22
116 22 5
38 5 22
45 4 24
94 4 24
64 4 24
114 4 24
80 4 24
67 3 39
17 3 39
19 3 39
90 3 39
167 3 39
50 1 34
86 1 34
12 1 34
9 1 34
110 1 34
45 33 37
21 33 37
77 33 37
179 33 37
130 33 37
63 7 23
32 7 23
53 7 23
50 7 23
21 7 23
45 5 20
25 5 20
52 5 20
33 5 20
80 5 20
45 13 22
70 22 13
20 13 22
154 22 13
132 13 22
8 20 33
71 20 33
73 20 33
120 20 33
122 20 33
44 20 33
191 20 33
7 20 33
52 20 33
120 5 21
134 5 21
68 5 21
49 5 21
75 5 21
32 17 21
12 17 21
29 17 21
65 17 21
130 17 21
50 22 38
86 22 38
12 22 38
9 22 38
110 22 38
96 36 26
64 36 26
110 36 26
130 36 26
66 36 26
153 2 17
38 2 17
119 2 17
105 2 17
41 17 2
46 2 7
15 2 7
53 2 7
29 2 7
105 2 7
63 6 10
46 6 10
60 6 10
61 6 10
59 6 10
63 36 13
22 13 36
50 13 36
49 13 36
2 13 36
13 9 18
70 9 18
8 9 18
71 9 18
134 9 18
50 22 14
36 22 14
8 14 22
71 22 14
134 14 22
79 6 31
92 6 31
53 6 31
56 6 31
23 6 31
41 34 27
2 34 27
40 27 34
56 34 27
64 27 34
65 34 27
72 16 31
148 16 31
25 16 31
119 16 31
20 16 31
32 13 9
12 9 13
20 9 13
29 13 9
17 9 13
50 2 4
41 2 4
45 2 4
69 2 4
174 2 4
63 34 29
60 34 29
58 29 34
59 29 34
132 29 34
6 22 26
136 22 26
86 22 26
23 22 26
3 22 26
77 8 25
109 8 25
70 8 25
108 8 25
133 8 25
46 3 9
8 3 9
13 3 9
21 3 9
90 3 9
29 3 9
88 3 9
75 3 9
79 3 9
31 7 13
2 7 13
8 7 13
110 13 7
129 7 13
77 27 35
109 35 27
70 27 35
108 35 27
133 27 35
37 4 7
105 4 7
7 4 7
49 4 7
34 4 7
42 17 33
64 17 33
7 17 33
84 33 17
174 17 33
13 3 2
70 3 2
60 2 3
94 3 2
44 2 3
16 13 20
6 13 20
1 13 20
21 13 20
16 13 20
17 13 20
15 13 20
14 13 20
18 13 20
2 19 39
35 19 39
37 19 39
20 19 39
17 19 39
9 19 39
36 19 39
28 19 39
94 22 24
42 22 24
70 22 24
85 22 24
43 22 24
16 9 7
6 7 9
1 7 9
21 7 9
16 9 7
17 7 9
15 7 9
14 7 9
18 7 9
21 17 12
105 12 17
75 17 12
43 12 17
101 12 17
112 30 28
68 28 30
49 30 28
75 30 28
65 28 30
25 3 30
20 3 30
13 3 30
8 3 30
12 3 30
63 10 22
25 22 10
96 10 22
76 10 22
173 22 10
46 13 17
16 13 17
20 13 17
9 13 17
28 13 17
29 13 17
196 13 17
21 17 13
63 23 34
37 23 34
22 23 34
53 23 34
148 23 34
25 23 34
54 23 34
12 23 34
20 23 34
1 12 25
35 12 25
4 12 25
11 12 25
19 12 25
63 3 32
22 3 32
49 3 32
2 3 32
48 3 32
64 15 38
112 15 38
100 15 38
65 15 38
160 15 38
46 11 29
13 11 29
21 11 29
42 11 29
90 11 29
29 11 29
88 11 29
75 11 29
79 11 29
52 17 7
64 7 17
83 7 17
84 7 17
81 7 17
63 6 24
37 6 24
22 6 24
2 6 24
48 6 24
37 2 8
35 2 8
44 2 8
59 2 8
43 2 8
153 19 27
38 19 27
119 19 27
105 19 27
41 19 27
16 10 21
6 10 21
1 10 21
21 10 21
16 10 21
17 10 21
15 10 21
14 10 21
18 10 21
16 22 18
94 22 18
45 22 18
160 22 18
132 22 18
5 2 13
86 2 13
61 2 13
159 2 13
104 2 13
46 7 30
50 7 30
12 7 30
16 7 30
34 7 30
60 15 26
39 15 26
71 15 26
38 15 26
19 15 26
86 6 33
156 6 33
157 6 33
136 6 33
34 6 33
26 22 39
37 22 39
2 22 39
7 22 39
49 22 39
98 25 35
53 25 35
79 25 35
106 35 25
107 25 35
112 6 36
68 6 36
75 6 36
65 6 36
160 6 36
67 14 24
98 14 24
99 14 24
176 14 24
167 14 24
50 23 33
41 33 23
20 23 33
69 23 33
174 23 33
69 4 9
91 9 4
33 4 9
85 4 9
152 4 9
22 20 26
88 20 26
74 20 26
112 20 26
75 20 26
72 17 30
148 17 30
52 17 30
25 17 30
119 17 30
6 5 28
40 5 28
55 5 28
13 5 28
91 5 28
110 8 36
91 8 36
101 8 36
23 8 36
59 8 36
45 31 39
132 31 39
2 31 39
151 31 39
155 31 39
94 28 39
70 39 28
41 28 39
82 28 39
133 39 28
45 3 27
8 3 27
13 3 27
21 3 27
90 3 27
29 3 27
88 3 27
75 3 27
79 3 27
49 1 15
72 1 15
162 1 15
88 1 15
183 1 15
17 7 20
36 7 20
72 7 20
40 7 20
82 7 20
13 25 39
96 25 39
66 25 39
175 25 39
88 25 39
163 25 39
9 25 39
187 25 39
166 25 39
22 4 17
50 4 17
49 4 17
2 4 17
40 4 17
8 14 34
71 14 34
73 14 34
116 14 34
151 14 34
69 14 20
68 14 20
20 14 20
17 14 20
106 14 20
64 32 28
157 28 32
100 32 28
136 32 28
34 32 28
69 15 24
68 15 24
20 15 24
17 15 24
106 15 24
94 25 37
42 25 37
70 37 25
85 25 37
43 25 37
89 27 33
67 27 33
71 27 33
72 27 33
88 27 33
22 1 33
79 1 33
42 1 33
122 1 33
119 1 33
89 29 30
60 29 30
96 29 30
175 29 30
88 29 30
163 29 30
187 29 30
97 29 30
166 30 29
105 12 39
61 12 39
75 12 39
43 12 39
101 12 39
16 2 30
37 2 30
67 2 30
17 2 30
48 2 30
63 34 30
32 34 30
53 34 30
50 34 30
101 34 30
63 15 31
46 15 31
60 15 31
58 15 31
59 15 31
45 24 38
36 24 38
13 38 24
154 24 38
132 38 24
94 17 26
89 17 26
67 17 26
71 17 26
153 17 26
6 2 21
136 2 21
86 2 21
23 2 21
3 2 21
12 36 35
61 36 35
44 36 35
105 36 35
66 36 35
1 3 15
22 3 15
42 3 15
3 3 15
23 3 15
35 26 31
68 31 26
52 31 26
73 31 26
23 31 26
91 22 32
50 22 32
36 22 32
71 22 32
2 22 32
41 29 26
52 29 26
82 29 26
83 26 29
81 29 26
32 12 29
50 12 29
17 12 29
44 12 29
56 12 29
69 1 14
91 1 14
50 1 14
86 1 14
158 1 14
141 13 18
9 13 18
26 13 18
39 13 18
8 13 18
53 6 35
95 6 35
120 6 35
72 6 35
122 6 35
44 6 35
191 35 6
7 6 35
52 6 35
45 2 38
8 2 38
13 2 38
21 2 38
90 2 38
29 2 38
88 2 38
75 2 38
79 2 38
22 24 26
61 26 24
74 24 26
112 24 26
75 24 26
21 22 19
75 22 19
101 22 19
179 22 19
130 19 22
41 36 34
167 36 34
82 34 36
80 36 34
81 36 34
67 16 33
42 16 33
33 16 33
76 16 33
132 16 33
115 8 19
103 8 19
88 8 19
111 8 19
80 8 19
31 23 29
46 23 29
67 23 29
133 23 29
99 23 29
67 22 9
96 9 22
79 9 22
71 22 9
55 9 22
113 22 9
26 23 35
37 23 35
7 23 35
49 23 35
34 23 35
25 21 32
86 21 32
60 21 32
32 21 32
26 32 21
69 21 32
76 21 32
24 21 32
4 21 32
1 38 31
50 38 31
16 31 38
33 31 38
34 31 38
60 6 7
88 6 7
72 6 7
73 6 7
44 6 7
1 6 21
6 6 21
137 6 21
4 6 21
5 6 21
71 1 24
72 1 24
162 1 24
88 1 24
183 1 24
91 8 16
50 8 16
36 8 16
8 8 16
71 8 16
36 12 30
7 12 30
59 12 30
56 12 30
132 12 30
46 1 29
15 1 29
53 1 29
29 1 29
105 1 29
5 18 30
86 18 30
61 18 30
159 18 30
104 18 30
96 11 10
64 11 10
110 11 10
130 11 10
66 11 10
141 23 18
9 23 18
26 23 18
39 23 18
8 23 18
16 14 18
94 14 18
58 14 18
160 14 18
132 14 18
141 11 36
9 11 36
26 11 36
39 11 36
8 11 36
188 13 16
19 16 13
74 13 16
93 13 16
168 13 16
32 3 38
31 3 38
69 3 38
55 3 38
15 3 38
41 1 25
167 1 25
82 1 25
80 1 25
81 1 25
1 32 27
22 27 32
42 32 27
3 32 27
23 27 32
20 14 19
56 14 19
162 14 19
39 19 14
130 14 19
20 34 39
25 34 39
13 34 39
8 34 39
12 34 39
20 9 14
56 9 14
162 9 14
39 9 14
130 9 14
89 12 37
60 12 37
96 12 37
175 12 37
88 12 37
163 12 37
187 12 37
97 12 37
166 12 37
32 19 23
31 19 23
17 19 23
69 23 19
56 23 19
45 10 30
90 10 30
77 10 30
179 10 30
130 10 30
70 5 33
175 5 33
91 5 33
77 5 33
36 5 33
22 6 11
73 6 11
79 6 11
69 6 11
122 6 11
52 12 35
120 12 35
74 12 35
134 12 35
49 12 35
79 25 33
167 33 25
53 25 33
23 25 33
80 33 25
16 8 6
6 8 6
1 6 8
21 6 8
16 8 6
17 8 6
15 6 8
14 8 6
18 6 8
13 15 35
61 15 35
105 15 35
66 15 35
9 15 35
67 23 20
40 20 23
79 20 23
71 23 20
55 23 20
113 23 20
1 8 34
31 8 34
2 8 34
37 8 34
25 8 34
9 8 34
36 8 34
28 8 34
70 13 39
175 13 39
91 13 39
77 13 39
36 13 39
63 9 31
96 9 31
79 9 31
173 9 31
71 9 31
113 9 31
41 22 27
2 22 27
40 22 27
56 22 27
64 22 27
65 22 27
86 29 25
150 29 25
119 25 29
116 25 29
38 25 29
32 23 25
31 23 25
17 23 25
69 23 25
56 23 25
12 26 30
73 26 30
137 30 26
142 26 30
26 26 30
42 26 30
45 16 39
53 16 39
132 16 39
122 16 39
151 16 39
86 20 39
8 20 39
116 20 39
156 20 39
151 20 39
110 5 26
91 5 26
101 5 26
23 5 26
59 5 26
25 14 26
13 14 26
8 14 26
12 14 26
60 14 26
110 35 31
91 31 35
101 35 31
23 35 31
59 31 35
45 5 34
91 5 34
2 5 34
151 5 34
155 5 34
26 3 29
2 3 29
8 3 29
110 3 29
129 3 29
69 2 15
91 2 15
50 2 15
86 2 15
158 2 15
13 9 38
96 9 38
175 9 38
88 9 38
163 9 38
9 9 38
187 9 38
97 9 38
166 9 38
6 17 20
136 17 20
86 17 20
23 17 20
3 17 20
37 38 32
134 32 38
33 38 32
85 32 38
152 32 38
16 22 29
67 22 29
17 22 29
133 22 29
99 22 29
89 2 29
67 2 29
71 2 29
72 2 29
88 2 29
94 3 28
12 3 28
44 3 28
93 3 28
82 3 28
94 2 20
77 2 20
103 2 20
102 2 20
69 2 20
177 2 20
29 2 20
15 2 20
155 2 20
35 17 38
68 17 38
52 17 38
73 17 38
23 17 38
94 16 26
89 16 26
67 16 26
90 16 26
153 16 26
37 9 29
35 9 29
44 9 29
59 9 29
43 9 29
2 3 4
7 3 4
25 3 4
68 3 4
13 3 4
20 5 19
56 5 19
162 5 19
39 5 19
130 5 19
53 5 35
69 5 35
132 5 35
122 5 35
106 5 35
32 3 23
31 3 23
69 3 23
55 3 23
15 3 23
86 1 4
8 1 4
116 1 4
156 1 4
151 1 4
50 8 10
73 8 10
45 8 10
44 8 10
59 8 10
1 38 30
31 38 30
35 30 38
46 30 38
142 38 30
45 14 25
21 14 25
77 14 25
179 14 25
130 25 14
12 1 17
61 1 17
44 1 17
105 1 17
66 1 17
17 7 22
36 22 7
72 7 22
40 7 22
82 7 22
32 25 16
31 16 25
46 16 25
133 16 25
99 16 25
91 21 25
50 25 21
36 21 25
71 21 25
2 25 21
1 36 24
6 36 24
137 24 36
4 36 24
5 24 36
94 4 30
77 4 30
103 4 30
102 4 30
69 4 30
177 4 30
29 4 30
15 4 30
155 4 30
86 8 21
8 8 21
116 8 21
156 8 21
151 8 21
94 20 21
46 21 20
64 20 21
42 20 21
114 21 20
32 23 12
31 12 23
69 12 23
56 12 23
15 12 23
31 23 27
32 23 27
68 23 27
36 23 27
23 23 27
89 21 37
67 21 37
71 21 37
72 21 37
88 21 37
50 30 39
45 39 30
74 30 39
44 30 39
57 39 30
50 5 31
17 5 31
74 5 31
44 5 31
57 5 31
141 33 31
9 31 33
26 31 33
39 33 31
8 33 31
1 5 9
22 5 9
42 9 5
3 5 9
23 5 9
63 23 26
37 23 26
22 23 26
2 23 26
48 23 26
67 33 35
19 35 33
90 33 35
99 35 33
167 35 33
31 16 35
2 16 35
35 16 35
37 16 35
25 16 35
9 16 35
36 16 35
28 16 35
52 22 23
64 22 23
83 22 23
84 22 23
174 22 23
6 11 24
1 11 24
2 11 24
141 11 24
21 11 24
41 19 35
2 19 35
40 19 35
56 19 35
64 19 35
65 19 35
64 6 17
157 6 17
100 6 17
136 6 17
160 6 17
53 7 25
69 7 25
132 7 25
122 7 25
106 7 25
63 32 39
25 32 39
90 32 39
76 39 32
173 32 39
25 32 36
86 36 32
60 36 32
32 36 32
26 32 36
69 36 32
76 36 32
24 36 32
4 36 32
98 18 37
53 18 37
79 18 37
106 18 37
107 18 37
86 1 13
116 1 13
156 1 13
34 1 13
151 1 13
79 32 30
92 30 32
40 32 30
53 32 30
56 32 30
32 7 26
39 7 26
71 7 26
105 7 26
19 7 26
17 22 20
72 22 20
21 22 20
40 22 20
82 22 20
86 10 28
156 10 28
157 10 28
136 10 28
34 10 28
42 10 27
20 10 27
56 10 27
43 10 27
39 10 27
31 35 28
32 28 35
50 35 28
36 35 28
40 28 35
188 12 18
19 18 12
74 18 12
93 12 18
168 12 18
45 21 26
36 21 26
13 21 26
154 21 26
132 21 26
1 9 36
50 9 36
16 9 36
33 9 36
34 9 36
41 13 31
25 13 31
20 13 31
13 13 31
12 31 13
67 17 25
16 17 25
71 17 25
22 17 25
101 17 25
6 6 14
1 6 14
2 6 14
141 6 14
21 6 14
112 34 21
68 34 21
75 34 21
65 21 34
160 21 34
6 5 18
136 5 18
86 5 18
23 5 18
3 5 18
6 15 30
1 15 30
2 15 30
141 15 30
21 15 30
46 25 18
16 18 25
20 18 25
9 18 25
28 18 25
29 18 25
196 18 25
21 18 25
32 8 17
31 8 17
69 8 17
56 8 17
15 8 17
13 16 30
70 16 30
60 16 30
94 16 30
134 16 30
12 22 21
73 22 21
137 22 21
142 22 21
26 22 21
42 22 21
96 15 18
64 18 15
110 15 18
130 15 18
66 18 15
94 16 32
70 16 32
41 16 32
82 16 32
133 16 32
41 3 10
2 3 10
143 3 10
56 3 10
64 3 10
65 3 10
77 25 38
109 25 38
70 25 38
108 25 38
133 38 25
1 7 37
35 7 37
4 7 37
11 7 37
19 7 37
63 12 31
25 12 31
90 12 31
76 12 31
173 12 31
91 23 28
50 23 28
36 28 23
2 23 28
155 23 28
2 14 32
7 14 32
25 14 32
68 14 32
13 14 32
16 11 20
6 11 20
1 11 20
21 11 20
16 11 20
17 11 20
15 11 20
14 11 20
18 11 20
79 3 17
92 3 17
53 3 17
56 3 17
23 3 17
16 2 22
37 2 22
67 2 22
17 2 22
99 2 22
6 5 36
136 5 36
86 5 36
23 5 36
3 5 36
50 5 37
73 5 37
45 5 37
69 5 37
174 5 37
16 11 12
94 11 12
45 11 12
57 11 12
91 11 12
52 20 28
120 20 28
74 20 28
134 20 28
49 20 28
49 10 16
8 10 16
29 10 16
115 10 16
132 10 16
112 14 39
68 14 39
49 14 39
75 14 39
65 14 39
22 6 27
79 6 27
73 6 27
69 6 27
122 6 27
90 10 36
25 10 36
52 10 36
33 10 36
38 10 36
67 4 8
98 8 4
99 8 4
176 4 8
167 8 4
37 19 15
22 19 15
53 15 19
148 19 15
25 19 15
119 19 15
54 15 19
12 19 15
20 15 19
22 22 28
105 22 28
61 22 28
74 22 28
43 22 28
1 5 39
31 5 39
2 5 39
37 5 39
25 5 39
9 5 39
36 5 39
28 5 39
21 4 10
75 4 10
43 4 10
101 4 10
130 4 10
110 20 12
91 20 12
101 20 12
23 12 20
59 12 20
17 5 4
52 5 4
74 5 4
19 5 4
90 5 4
12 5 7
73 5 7
137 5 7
142 5 7
26 5 7
42 5 7
31 1 6
37 1 6
22 1 6
35 1 6
143 1 6
98 7 16
53 7 16
79 7 16
106 7 16
107 7 16
90 20 35
73 20 35
79 20 35
69 20 35
122 20 35
13 7 19
70 7 19
60 7 19
94 7 19
134 7 19
53 4 11
95 4 11
120 4 11
72 4 11
122 4 11
44 4 11
191 4 11
7 4 11
52 4 11
64 6 38
112 6 38
100 6 38
65 6 38
160 6 38
86 36 33
21 36 33
91 36 33
175 36 33
62 36 33
89 13 12
60 13 12
96 13 12
175 12 13
88 13 12
163 13 12
187 13 12
97 13 12
166 12 13
53 19 20
95 19 20
120 19 20
72 19 20
122 19 20
44 19 20
191 20 19
7 19 20
52 19 20
53 19 25
69 19 25
68 19 25
122 19 25
106 19 25
45 11 15
63 11 15
37 11 15
26 11 15
22 11 15
71 11 15
53 11 15
54 11 15
12 11 15
41 21 39
167 21 39
82 21 39
23 21 39
80 21 39
1 9 25
22 9 25
42 9 25
3 9 25
23 9 25
46 1 39
61 1 39
147 1 39
62 1 39
59 1 39
1 11 25
22 11 25
42 11 25
3 11 25
23 11 25
70 38 37
175 37 38
91 38 37
77 37 38
36 38 37
50 13 30
86 13 30
12 13 30
9 13 30
110 13 30
50 3 21
73 3 21
45 3 21
69 3 21
174 3 21
45 8 11
25 8 11
52 8 11
33 8 11
80 8 11
50 16 21
12 16 21
16 16 21
33 16 21
34 16 21
86 3 13
21 3 13
175 3 13
91 3 13
62 3 13
6 9 37
40 9 37
55 9 37
13 9 37
91 9 37
41 10 20
2 10 20
40 10 20
56 10 20
64 10 20
65 10 20
96 1 35
64 1 35
110 1 35
130 1 35
66 1 35
32 36 30
39 36 30
71 36 30
105 36 30
19 36 30
141 22 25
9 22 25
26 22 25
39 22 25
8 22 25
98 16 37
53 16 37
79 16 37
74 16 37
107 16 37
13 23 21
70 23 21
60 23 21
94 23 21
44 23 21
31 8 38
32 8 38
68 8 38
36 8 38
23 8 38
94 1 32
90 1 32
73 1 32
69 1 32
153 1 32
17 19 16
52 19 16
74 19 16
19 19 16
90 16 19
46 35 32
50 35 32
12 35 32
16 35 32
34 35 32
50 29 38
12 29 38
16 29 38
33 29 38
34 38 29
35 20 31
72 20 31
52 20 31
73 20 31
23 20 31
67 5 14
40 5 14
79 5 14
71 5 14
55 5 14
113 5 14
46 7 14
16 14 7
20 7 14
28 7 14
60 7 14
29 7 14
196 7 14
21 7 14
60 12 24
88 12 24
72 12 24
73 12 24
44 12 24
50 9 19
86 9 19
12 9 19
110 9 19
158 9 19
60 25 32
39 25 32
71 25 32
38 25 32
19 25 32
69 19 28
91 19 28
33 19 28
152 19 28
158 19 28
36 3 18
13 3 18
9 3 18
68 3 18
87 3 18
45 3 8
53 3 8
132 3 8
151 3 8
155 3 8
17 1 30
52 1 30
74 1 30
19 1 30
90 1 30
63 23 24
32 23 24
53 23 24
50 23 24
101 23 24
69 3 35
91 3 35
33 3 35
152 3 35
158 3 35
74 10 25
86 10 25
150 10 25
119 10 25
116 10 25
86 8 30
25 8 30
60 8 30
32 8 30
26 8 30
69 8 30
76 8 30
24 8 30
4 8 30
35 15 25
20 15 25
17 15 25
63 15 25
68 15 25
55 15 25
58 15 25
7 15 25
38 15 25
63 12 15
32 12 15
53 12 15
50 15 12
21 15 12
74 6 32
63 6 32
67 6 32
37 6 32
86 6 32
9 6 32
150 6 32
66 6 32
19 6 32
21 20 29
105 20 29
75 20 29
43 20 29
101 20 29
31 8 33
35 8 33
68 8 33
73 8 33
23 8 33
13 10 19
61 10 19
105 10 19
66 10 19
9 19 10
63 17 15
37 17 15
26 17 15
22 15 17
71 17 15
53 15 17
54 15 17
12 15 17
20 15 17
67 37 28
92 37 28
40 28 37
56 37 28
55 37 28
63 20 27
94 20 27
60 20 27
58 20 27
132 20 27
31 34 18
22 18 34
35 18 34
143 18 34
110 34 18
16 22 12
37 22 12
67 22 12
17 22 12
48 22 12
6 36 27
40 36 27
55 27 36
13 36 27
91 36 27
69 1 3
68 1 3
122 1 3
17 1 3
106 3 1
17 9 34
36 9 34
72 9 34
46 9 34
82 9 34
141 36 28
9 36 28
26 36 28
39 36 28
8 36 28
86 15 39
21 15 39
42 15 39
119 15 39
62 15 39
188 11 19
19 11 19
106 11 19
93 11 19
168 11 19
20 1 28
56 1 28
162 1 28
39 1 28
130 1 28
67 8 13
19 8 13
90 8 13
99 8 13
167 8 13
31 10 32
25 10 32
86 10 32
32 10 32
26 10 32
69 10 32
76 10 32
24 10 32
4 10 32
1 8 32
31 8 32
25 8 32
63 8 32
68 8 32
33 8 32
7 8 32
45 1 19
90 1 19
77 1 19
76 1 19
179 1 19
31 4 13
67 4 13
16 4 13
71 4 13
22 4 13
31 38 26
37 38 26
22 38 26
35 38 26
143 26 38
37 9 23
105 9 23
147 9 23
62 9 23
34 9 23
1 14 38
31 14 38
86 14 38
35 14 38
142 14 38
88 19 33
72 19 33
73 19 33
44 19 33
75 19 33
31 11 35
35 11 35
68 11 35
73 11 35
23 11 35
70 9 27
110 9 27
91 9 27
101 9 27
59 9 27
94 21 38
42 38 21
70 38 21
85 21 38
43 21 38
41 4 12
2 4 12
143 4 12
56 4 12
64 4 12
65 4 12
31 7 39
8 7 39
22 7 39
110 7 39
129 7 39
63 3 20
46 3 20
60 3 20
58 3 20
59 3 20
6 5 15
40 5 15
55 5 15
13 5 15
91 5 15
6 11 13
1 11 13
2 11 13
141 11 13
21 11 13
120 37 30
134 30 37
68 37 30
49 30 37
75 37 30
16 7 21
37 7 21
67 7 21
17 7 21
99 7 21
115 36 29
103 36 29
88 29 36
111 36 29
80 36 29
86 13 23
21 23 13
175 13 23
91 13 23
62 13 23
46 32 26
40 32 26
15 26 32
53 32 26
29 26 32
31 17 19
67 19 17
69 17 19
55 17 19
15 19 17
22 35 26
79 26 35
42 26 35
122 35 26
119 26 35
46 18 35
15 18 35
53 18 35
29 18 35
105 18 35
12 22 17
9 22 17
68 22 17
110 22 17
87 17 22
6 7 11
40 11 7
55 7 11
13 11 7
91 11 7
61 10 24
105 10 24
147 10 24
62 10 24
34 10 24
69 7 24
91 7 24
33 7 24
85 7 24
152 7 24
1 2 23
6 2 23
137 2 23
4 2 23
5 2 23
94 19 21
46 19 21
64 19 21
42 19 21
114 19 21
17 2 11
52 2 11
120 2 11
74 2 11
134 2 11
72 15 36
88 15 36
73 15 36
44 15 36
75 15 36
22 6 5
50 6 5
49 5 6
2 6 5
40 6 5
45 24 25
94 24 25
64 25 24
114 25 24
80 25 24
67 11 34
33 11 34
55 11 34
15 11 34
132 11 34
35 2 39
72 2 39
52 2 39
73 2 39
23 2 39
36 6 25
7 6 25
59 6 25
56 6 25
132 6 25
37 7 36
73 7 36
44 7 36
59 7 36
43 7 36
36 6 29
7 6 29
59 6 29
56 6 29
132 6 29
22 23 36
88 23 36
74 23 36
112 23 36
75 23 36
74 29 27
63 29 27
67 29 27
37 27 29
86 29 27
9 27 29
150 27 29
66 27 29
19 27 29
36 2 35
94 2 35
46 2 35
64 2 35
42 2 35
1 27 26
6 26 27
137 26 27
4 27 26
5 26 27
90 21 33
33 21 33
119 21 33
116 21 33
38 21 33
188 12 33
19 12 33
74 12 33
93 12 33
168 12 33
94 7 34
77 7 34
103 7 34
102 7 34
69 7 34
177 7 34
29 7 34
15 7 34
155 7 34
23 7 34
31 4 16
2 4 16
35 4 16
37 4 16
25 4 16
9 4 16
36 4 16
28 4 16
46 12 28
16 12 28
20 12 28
28 12 28
60 12 28
29 12 28
196 12 28
21 12 28
45 16 38
36 16 38
13 16 38
68 16 38
87 16 38
79 24 30
92 24 30
40 24 30
53 24 30
56 24 30
26 1 31
2 1 31
8 1 31
110 1 31
129 1 31
63 11 38
46 11 38
60 11 38
61 11 38
59 11 38
2 18 33
7 18 33
25 18 33
68 18 33
13 18 33
32 5 30
31 5 30
46 5 30
60 5 30
133 5 30
74 7 18
63 7 18
67 7 18
37 7 18
9 7 18
66 7 18
19 7 18
65 7 18
45 1 38
63 1 38
26 1 38
8 1 38
71 1 38
94 20 37
90 20 37
73 20 37
69 20 37
153 20 37
79 4 22
167 4 22
53 4 22
23 4 22
80 4 22
16 2 18
67 2 18
17 2 18
133 2 18
99 2 18
2 7 29
7 7 29
25 7 29
68 7 29
13 7 29
22 29 39
21 29 39
42 29 39
119 29 39
62 29 39
77 13 38
109 13 38
70 13 38
108 13 38
133 13 38
50 18 26
86 18 26
12 18 26
110 18 26
158 18 26
77 11 27
109 11 27
70 11 27
108 11 27
133 11 27
1 36 14
31 14 36
35 14 36
46 14 36
142 14 36
32 6 16
13 6 16
8 6 16
12 6 16
60 6 16
120 4 23
134 4 23
68 4 23
49 4 23
75 4 23
45 18 39
63 18 39
26 18 39
8 18 39
71 18 39
52 5 11
64 5 11
83 5 11
84 5 11
174 5 11
86 24 28
150 24 28
119 24 28
116 28 24
38 24 28
